Médian;Minimun;Maximun;Variance
38;10;9;8
30;12;9;7
35;10;10;6
35;10;11;7
31;12;9;8
29;12;9;6
31;11;8;8
30;11;8;8
29;13;8;8
30;11;9;6
28;12;10;8
29;10;11;7
27;11;10;7
26;12;10;9
25;11;10;8
26;11;9;7
27;10;10;8
27;13;9;7
26;11;9;7
26;10;9;8
31;12;10;6
34;10;11;7
31;10;15;12
30;10;11;7
28;15;9;7
28;10;11;7
27;12;9;8
26;11;9;7
26;12;9;8
26;11;11;6
28;11;11;7
27;10;10;9
26;10;9;7
27;11;11;7
27;11;9;7
26;11;10;8
27;12;13;8
27;11;10;7
28;11;10;6
29;10;9;6
26;10;9;8
27;12;10;6
32;11;10;7
27;9;10;7
28;9;11;6
25;9;9;7
26;9;10;6
28;10;9;7
27;9;10;7
26;10;10;7
25;9;10;10
27;10;11;8
26;9;11;6
26;10;11;7
29;10;9;7
26;10;9;7
27;9;9;7
27;10;9;7
26;9;10;7
27;9;10;7
27;9;9;7
26;10;10;8
25;10;9;6
26;10;10;7
27;9;10;7
27;10;9;7
26;9;10;8
26;9;11;8
26;9;10;7
28;9;10;8
27;13;9;7
28;11;10;7
26;10;10;7
26;10;9;7
27;10;9;10
28;11;9;8
30;10;11;10
38;8;10;8
30;10;10;8
30;10;10;7
28;9;9;7
30;10;11;7
26;14;10;8
28;17;11;7
26;17;11;6
26;14;10;8
26;10;10;7
29;9;9;7
29;12;11;7
25;9;12;7
26;10;11;6
26;9;10;7
28;9;9;6
27;10;11;6
26;10;9;9
25;10;10;7
27;10;9;7
27;10;9;7
26;9;10;7
28;10;11;8
